4294967279,26
4294967279,25
4294967279,24
4294967279,22
4294967279,21
4294967279,19
4294967279,364
4294967278,552
4294967294,587
4294967278,166
4294967278,164
4294967279,363
4294967278,551
4294967278,160
4294967278,550
4294967279,18
4294967279,17
4294967279,16
4294967279,14
4294967279,13
4294967279,12
4294967278,159
4294967278,549
4294967278,158
4294967278,548
4294967279,362
4294967278,156
4294967279,361
4294967278,155
4294967279,360
4294967278,547
4294967278,0
4294967278,153
4294967294,42
4294967294,43
4294967278,152
4294967279,359
4294967279,0
4294967294,1246
4294967294,18
4294967278,255
4294967278,253
4294967294,594
4294967294,76
4294967294,51
4294967294,420
4294967294,52
4294967294,82
4294967278,252
38,4
38,3
38,2
38,1
4294967278,250
4294967294,1426
4294967294,1248
4294967294,402
4294967294,415
4294967294,92
4294967294,90
4294967294,88
4294967294,86
4294967294,85
4294967294,17
4294967294,99
4294967278,248
37,7
4294967278,246
37,6
37,5
4294967278,244
37,4
37,3
37,2
37,1
4294967278,243
4294967294,475
4294967294,2
4294967294,0
4294967294,1247
4294967294,107
4294967278,242
4294967294,94
4294967294,93
4294967294,96
4294967294,95
36,4
4294967278,240
36,3
36,2
36,1
4294967294,9
4294967294,8
0,7
4294967294,53
4294967294,1
4294967294,1084
4294967294,1217
4294967294,29
4294967294,28
4294967294,1249
4294967294,27
4294967294,91
4294967294,87
4294967294,84
4294967278,238
4294967294,471
4294967278,132
4294967278,131
4294967278,130
4294967278,129
4294967278,128
4294967278,127
4294967278,126
4294967278,125
4294967278,251
4294967278,124
4294967278,123
4294967278,247
4294967278,122
4294967278,121
4294967278,120
4294967278,119
4294967278,118
4294967278,239
4294967278,117
4294967278,116
4294967278,235
4294967278,115
4294967278,233
4294967278,114
4294967278,231
4294967278,113
4294967278,229
4294967278,112
4294967278,227
4294967278,111
4294967278,110
4294967278,109
4294967278,221
4294967278,108
4294967278,107
4294967278,106
4294967278,105
4294967278,104
4294967278,103
4294967278,102
4294967278,101
4294967278,100
4294967278,99
4294967278,98
4294967278,97
4294967278,96
4294967278,95
4294967278,94
4294967278,93
4294967278,92
4294967278,91
4294967278,90
4294967278,89
4294967278,87
4294967278,86
4294967278,85
4294967278,84
4294967278,83
4294967278,82
4294967278,81
4294967278,80
4294967278,79
4294967278,78
4294967278,77
4294967278,76
4294967278,75
4294967278,74
4294967278,73
4294967278,72
4294967278,71
4294967278,70
4294967278,69
4294967278,68
4294967278,67
4294967278,66
4294967278,65
4294967278,64
4294967278,63
4294967278,62
4294967278,61
4294967278,60
4294967278,59
4294967278,58
4294967278,57
4294967278,56
4294967278,55
4294967278,54
4294967278,53
4294967278,52
4294967278,51
4294967278,50
4294967278,49
4294967278,48
4294967278,47
4294967278,46
4294967278,45
4294967278,44
4294967278,43
4294967278,42
4294967278,41
4294967278,40
4294967278,39
4294967278,38
4294967279,138
4294967279,23
4294967279,274
4294967279,20
4294967279,15
4294967279,11
4294967279,10
4294967279,9
4294967279,284
4294967279,8
4294967279,7
4294967279,264
4294967279,6
4294967279,5
4294967279,278
4294967279,4
4294967294,22
4294967294,7
4294967294,6
0,5
4294967294,36
4294967294,41
4294967294,67
4294967294,39
4294967294,166
4294967294,24
4294967294,178
4294967294,173
4294967294,169
4294967294,172
4294967278,236
4294967278,234
4294967294,50
4294967294,106
4294967294,186
4294967294,387
4294967294,126
4294967294,12
4294967294,472
4294967294,25
4294967294,26
4294967294,1165
4294967294,81
4294967294,127
4294967294,83
4294967294,68
4294967294,11
4294967294,5
4294967278,546
4294967278,545
4294967294,185
4294967279,358
35,4
35,3
35,2
35,1
4294967279,357
4294967279,356
4294967278,544
4294967279,355
4294967279,354
4294967278,543
34,6
34,5
34,4
34,3
34,2
34,1
4294967278,542
4294967278,541
4294967279,353
4294967278,540
4294967279,352
4294967279,351
4294967278,539
4294967278,538
4294967278,537
4294967279,350
4294967278,536
4294967279,349
4294967278,535
4294967279,348
32,5
32,4
32,3
32,2
32,1
4294967279,347
4294967279,346
4294967278,534
4294967279,345
4294967279,344
4294967278,533
4294967279,343
4294967279,342
31,5
31,4
31,3
31,2
31,1
4294967278,532
4294967279,341
4294967278,531
4294967279,340
4294967278,530
4294967278,529
4294967279,339
4294967279,338
30,5
30,4
30,3
30,2
30,1
4294967279,337
4294967278,528
4294967278,527
4294967279,336
4294967278,526
4294967279,335
4294967278,525
4294967279,334
29,5
29,4
29,3
29,2
29,1
4294967278,524
4294967278,523
4294967279,333
4294967279,332
4294967279,331
4294967279,330
28,6
28,5
28,4
28,3
28,2
28,1
4294967279,329
4294967278,522
4294967279,328
4294967279,327
4294967279,326
4294967278,521
4294967279,325
4294967279,324
4294967278,520
4294967279,323
4294967278,519
4294967279,322
4294967279,321
4294967278,518
26,6
26,5
26,4
26,3
26,2
26,1
4294967279,320
4294967278,517
4294967278,516
4294967278,515
24,4
24,3
24,2
24,1
4294967279,137
4294967278,514
4294967279,319
